4294967294,1
4243767289,0
4243767290,0
4294967278,286
4294967279,275
4294967279,281
25,85
25,84
25,76
4294967294,971
4294967294,186
4294967294,989
4294967294,1429
4294967294,388
4294967294,92
4294967294,90
4294967294,88
4294967294,86
4294967294,84
4294967294,1423
4294967294,83
4294967294,1019
4294967294,29
4294967294,988
4294967294,1428
4294967294,1427
25,79
4294967278,311
25,1
0,7
4294967293,131
4294967293,130
4294967293,129
4294967293,128
4294967293,127
4294967293,126
4294967293,125
4294967293,124
4294967293,123
4294967293,122
4294967293,121
4294967293,120
4294967293,119
4294967293,118
4294967293,117
4294967293,116
4294967293,115
4294967293,114
4294967293,113
4294967293,112
4294967293,111
4294967293,110
4294967293,109
4294967293,108
4294967293,107
4294967293,106
4294967293,105
4294967293,104
4294967293,103
4294967293,102
4294967293,101
4294967293,100
4294967293,99
4294967293,98
4294967293,97
4294967293,96
4294967293,95
4294967293,94
4294967293,93
4294967293,92
4294967293,91
4294967293,90
4294967293,89
4294967293,87
4294967293,86
4294967293,85
4294967293,84
4294967293,83
4294967293,82
4294967293,81
4294967293,80
4294967293,79
4294967293,78
4294967293,77
4294967293,76
4294967293,75
4294967293,74
4294967293,73
4294967293,72
4294967293,71
4294967293,70
4294967293,69
4294967293,68
4294967293,67
4294967293,66
4294967293,65
4294967293,64
4294967293,63
4294967293,62
4294967293,61
4294967293,60
4294967293,59
4294967293,58
4294967293,57
4294967293,56
4294967293,55
4294967293,54
4294967293,53
4294967293,52
4294967293,51
4294967293,50
4294967293,49
4294967293,48
4294967293,47
4294967293,46
4294967293,45
4294967293,44
4294967293,43
4294967293,42
4294967293,41
4294967293,40
4294967293,39
4294967293,38
4294967293,37
4294967293,36
4294967293,35
4294967293,34
4294967293,33
4294967293,32
4294967293,31
4294967293,30
4294967293,29
4294967293,28
4294967293,27
4294967293,26
4294967293,25
4294967293,24
4294967293,23
4294967293,22
4294967293,21
4294967293,20
4294967293,19
4294967293,18
4294967293,17
4294967293,16
4294967293,15
4294967293,14
4294967293,13
4294967293,12
4294967293,11
4294967293,10
4294967293,9
4294967293,8
4294967293,7
4294967293,6
4294967293,5
4294967293,4
4294967293,3
4294967278,132
4294967278,130
4294967278,129
4294967278,128
4294967278,127
4294967278,126
4294967278,125
4294967278,124
4294967278,123
4294967278,122
4294967278,121
4294967278,120
4294967278,119
4294967278,118
4294967278,117
4294967278,116
4294967278,115
4294967278,114
4294967278,113
4294967278,112
4294967278,111
4294967278,110
4294967278,109
4294967278,108
4294967278,107
4294967278,106
4294967278,105
4294967278,104
4294967278,103
4294967278,102
4294967278,101
4294967278,100
4294967278,99
4294967278,98
4294967278,97
4294967278,96
4294967278,95
4294967278,94
4294967278,93
4294967278,92
4294967278,91
4294967278,90
4294967278,89
4294967278,87
4294967278,86
4294967278,85
4294967278,84
4294967278,83
4294967278,82
4294967278,81
4294967278,80
4294967278,79
4294967278,78
4294967278,77
4294967278,76
4294967278,75
4294967278,74
4294967278,73
4294967278,72
4294967278,71
4294967278,70
4294967278,69
4294967278,68
4294967278,67
4294967278,66
4294967278,65
4294967278,64
4294967278,63
4294967278,62
4294967278,61
4294967278,60
4294967278,59
4294967278,58
4294967278,57
4294967278,56
4294967278,55
4294967278,54
4294967278,53
4294967278,52
4294967278,51
4294967278,50
4294967278,49
4294967278,48
4294967278,47
4294967278,46
4294967278,45
4294967278,44
4294967278,43
4294967278,42
4294967278,41
4294967278,40
4294967278,39
4294967278,38
4294967278,37
4294967278,36
4294967278,35
4294967278,34
4294967278,33
4294967278,32
4294967278,31
4294967278,30
4294967278,29
4294967278,28
4294967278,27
4294967278,26
4294967278,25
4294967278,24
4294967278,23
4294967278,22
4294967278,21
4294967278,20
4294967278,19
4294967278,18
4294967278,17
4294967278,16
4294967278,15
4294967278,14
4294967278,13
4294967278,12
4294967278,11
4294967278,10
4294967278,9
4294967278,8
4294967278,7
4294967278,6
4294967278,5
4294967278,4
4294967279,257
4294967279,130
4294967279,129
4294967279,128
4294967279,127
4294967279,126
4294967279,125
4294967279,124
4294967279,123
4294967279,122
4294967279,121
4294967279,120
4294967279,119
4294967279,118
4294967279,117
4294967279,116
4294967279,115
4294967279,114
4294967279,113
4294967279,112
4294967279,111
4294967279,110
4294967279,109
4294967279,108
4294967279,107
4294967279,106
4294967279,105
4294967279,104
4294967279,103
4294967279,102
4294967279,101
4294967279,100
4294967279,99
4294967279,98
4294967279,97
4294967279,96
4294967279,95
4294967279,94
4294967279,93
4294967279,92
4294967279,91
4294967279,90
4294967279,89
4294967279,87
4294967279,86
4294967279,85
4294967279,84
4294967279,83
4294967279,82
4294967279,81
4294967279,80
4294967279,79
4294967279,78
4294967279,77
4294967279,76
4294967279,75
4294967279,74
4294967279,73
4294967279,72
4294967279,71
4294967279,70
4294967279,69
4294967279,68
4294967279,67
4294967279,66
4294967279,65
4294967279,64
4294967279,63
4294967279,62
4294967279,61
4294967279,60
4294967279,59
4294967279,58
4294967279,57
4294967279,56
4294967279,55
4294967279,54
4294967279,53
4294967279,52
4294967279,51
4294967279,50
4294967279,49
4294967279,48
4294967279,47
4294967279,46
4294967279,45
4294967279,44
4294967279,43
4294967279,42
4294967279,41
4294967279,40
4294967279,39
4294967279,38
4294967279,37
4294967279,36
4294967279,35
4294967279,34
4294967279,33
4294967279,32
4294967279,31
4294967279,30
4294967279,29
4294967279,28
4294967279,27
4294967279,26
4294967279,25
4294967279,24
4294967279,23
4294967279,22
4294967279,21
4294967279,20
4294967279,19
4294967279,18
4294967279,17
4294967279,16
4294967279,15
4294967279,14
4294967279,13
4294967279,12
4294967279,11
4294967279,10
4294967279,9
4294967279,8
4294967279,7
4294967279,6
4294967279,5
4294967279,4
4243767290,327
4243767290,338
4243767290,342
4243767290,341
4243767290,339
4243767290,337
4243767290,323
4243767290,328
4243767290,332
4243767290,329
4243767290,1377
4243767290,1343
4243767290,1342
4243767290,1341
4243767290,1340
4243767290,1339
4243767290,1338
4243767290,1337
4243767290,1336
4243767290,1335
4243767290,1334
4243767290,1333
4243767290,1332
4243767290,1331
4243767290,1330
4243767290,1329
4243767290,1328
4243767290,1327
4243767290,1326
4243767290,1325
4243767290,1324
4243767290,1323
4243767290,1322
4243767290,1321
4243767290,1320
4243767290,1319
4243767290,1318
4243767290,1317
4243767290,1316
4243767290,1315
4243767290,1314
4243767290,1313
4243767290,1312
4243767290,1311
4243767290,1310
4243767290,1309
4243767290,1308
4243767290,1307
4243767290,1306
4243767290,1305
4243767290,1304
4243767290,1303
4243767290,1302
4243767290,1301
4243767290,1300
4243767290,1299
4243767290,1298
4243767290,1297
4243767290,1296
4243767290,1295
4243767290,1294
4243767290,1293
4243767290,1292
4243767290,1291
4243767290,1290
4243767290,1289
4243767290,1288
4243767290,1287
4243767290,1286
4243767290,1285
4243767290,1284
4243767290,1283
4243767290,1282
4243767290,1281
4243767290,1280
4243767290,1238
4243767290,1215
4243767290,1214
4243767290,1213
4243767290,1212
4243767290,1211
4243767290,1210
4243767290,1209
4243767290,1208
4243767290,1207
4243767290,1206
4243767290,1205
4243767290,1204
4243767290,1203
4243767290,1202
4243767290,1201
4243767290,1200
4243767290,1199
4243767290,1198
4243767290,1197
4243767290,1196
4243767290,1195
4243767290,1194
4243767290,1193
4243767290,1192
4243767290,1191
4243767290,1190
4243767290,1189
4243767290,1188
4243767290,1187
4243767290,1186
4243767290,1185
4243767290,1184
4243767290,1183
4243767290,1182
4243767290,1181
4243767290,1180
4243767290,1179
4243767290,1178
4243767290,1177
4243767290,1176
4243767290,1175
4243767290,1174
4243767290,1173
4243767290,1172
4243767290,1171
4243767290,1170
4243767290,1169
4243767290,1168
4243767290,1167
4243767290,1166
4243767290,1165
4243767290,1164
4243767290,1163
4243767290,1162
4243767290,1161
4243767290,1160
4243767290,1159
4243767290,1158
4243767290,1157
4243767290,1156
4243767290,1155
4243767290,1154
4243767290,1153
4243767290,1152
4243767290,1089
4243767290,1088
4243767290,1087
4243767290,1086
4243767290,1085
4243767290,1084
4243767290,1083
4243767290,1082
4243767290,1081
4243767290,1080
4243767290,1079
4243767290,1078
4243767290,1077
4243767290,1076
4243767290,1075
4243767290,1074
4243767290,1073
4243767290,1072
4243767290,1071
4243767290,1070
4243767290,1069
4243767290,1068
4243767290,1067
4243767290,1066
4243767290,1065
4243767290,1064
4243767290,1063
4243767290,1062
4243767290,1061
4243767290,1060
4243767290,1059
4243767290,1058
4243767290,1057
4243767290,1056
4243767290,1055
4243767290,1054
4243767290,1053
4243767290,1052
4243767290,1051
4243767290,1050
4243767290,1049
4243767290,1048
4243767290,1047
4243767290,1046
4243767290,1045
4243767290,1044
4243767290,1043
4243767290,1042
4243767290,1041
4243767290,1040
4243767290,1039
4243767290,1038
4243767290,1037
4243767290,1036
4243767290,1035
4243767290,1034
4243767290,1033
4243767290,1032
4243767290,1031
4243767290,1030
4243767290,1029
4243767290,1028
4243767290,1027
4243767290,1026
4243767290,1025
4243767290,1024
4243767290,999
4243767290,986
4243767290,976
4243767290,968
4243767290,388
4243767290,209
4243767290,180
4243767290,179
4243767290,178
4243767290,174
4243767290,169
4243767290,163
4243767290,159
4243767290,140
4243767290,131
4243767290,116
4243767290,115
4243767290,111
4243767290,110
4243767290,197
4243767290,193
4243767290,63
4243767290,62
4243767290,61
4243767290,60
4243767290,59
4243767290,58
4243767290,57
4243767290,56
4243767290,55
4243767290,54
4243767290,53
4243767290,52
4243767290,51
4243767290,50
4243767290,49
4243767290,48
4243767290,47
4243767290,46
4243767290,45
4243767290,44
4243767290,43
4243767290,42
4243767290,41
4243767290,40
4243767290,96
4243767290,95
4243767290,38
4243767290,86
4243767290,36
4243767290,72
4243767290,4479
4243767290,4478
4243767290,4477
4243767290,4476
4243767290,4475
4243767290,4474
4243767290,4473
4243767290,4472
4243767290,4471
4243767290,4470
4243767290,4469
4243767290,4468
4243767290,4467
4243767290,4466
4243767290,4465
4243767290,4464
4243767290,4463
4243767290,4462
4243767290,4461
4243767290,4460
4243767290,4459
4243767290,4458
4243767290,4457
4243767290,4456
4243767290,4455
4243767290,4454
4243767290,4453
4243767290,4452
4243767290,4451
4243767290,4450
4243767290,4449
4243767290,4448
4243767290,4447
4243767290,4446
4243767290,4445
4243767290,4444
4243767290,4443
4243767290,4442
4243767290,4441
4243767290,4440
4243767290,4439
4243767290,4438
4243767290,4437
4243767290,4436
4243767290,4435
4243767290,4434
4243767290,4433
4243767290,4432
4243767290,4431
4243767290,4430
4243767290,4429
4243767290,4428
4243767290,4427
4243767290,4426
4243767290,4425
4243767290,4424
4243767290,4423
4243767290,4422
4243767290,4421
4243767290,4420
4243767290,4419
4243767290,4418
4243767290,4417
4243767290,4416
4243767290,382
4243767290,381
4243767290,380
4243767290,377
4243767290,376
4243767290,375
4243767290,374
4243767290,372
4243767290,371
4243767290,368
4243767290,367
4243767290,366
4243767290,365
4243767290,363
4243767290,362
4243767290,361
4243767290,359
4243767290,358
4243767290,357
4243767290,356
4243767290,355
4243767290,354
4243767290,353
4243767290,352
4243767290,351
4243767290,350
4243767290,349
4243767290,348
4243767290,347
4243767290,346
4243767290,345
4243767290,27
4243767290,18
4243767290,3
4243767290,2
25,139
25,138
25,137
25,136
25,135
25,134
25,133
25,132
25,131
25,130
26,69
25,129
25,128
25,71
25,69
25,68
25,65
25,60
25,57
25,54
25,53
25,51
25,50
25,49
25,47
25,46
25,45
25,44
25,42
25,40
25,35
25,33
25,31
25,29
25,28
25,27
25,25
25,21
25,20
25,15
25,14
25,11
25,10
25,9
25,8
25,4
4243767290,4287
4243767290,4286
4243767290,4285
4243767290,4284
4243767290,4283
4243767290,4282
4243767290,4281
4243767290,4280
4243767290,4279
4243767290,4278
4243767290,4277
4243767290,4276
4243767290,4275
4243767290,4274
4243767290,4273
4243767290,4272
4243767290,4271
4243767290,4270
4243767290,4269
4243767290,4268
4243767290,4267
4243767290,4266
4243767290,4265
4243767290,4264
4243767290,4263
4243767290,4262
4243767290,4261
4243767290,4260
4243767290,4259
4243767290,4258
4243767290,4257
4243767290,4256
4243767290,4255
4243767290,4254
4243767290,4253
4243767290,4252
4243767290,4251
4243767290,4250
4243767290,4249
4243767290,4248
4243767290,4247
4243767290,4246
4243767290,4245
4243767290,4244
4243767290,4243
4243767290,4242
4243767290,4241
4243767290,4240
4243767290,4239
4243767290,4238
4243767290,4237
4243767290,4236
4243767290,4235
4243767290,4234
4243767290,4233
4243767290,4232
4243767290,4231
4243767290,447
4243767290,446
4243767290,445
4243767290,444
4243767290,443
4243767290,442
4243767290,441
4243767290,440
4243767290,439
4243767290,438
4243767290,437
4243767290,436
4243767290,435
4243767290,434
4243767290,433
4243767290,432
4243767290,431
4243767290,430
4243767290,429
4243767290,428
4243767290,427
4243767290,426
4243767290,425
4243767290,424
4243767290,423
4243767290,422
4243767290,421
4243767290,420
4243767290,419
4243767290,418
4243767290,417
4243767290,416
4243767290,415
4243767290,414
4243767290,413
4243767290,412
4243767290,411
4243767290,410
4243767290,409
4243767290,408
4243767290,407
4243767290,406
4243767290,405
4243767290,404
4243767290,403
4243767290,402
4243767290,401
4243767290,400
4243767290,399
4243767290,398
4243767290,397
4243767290,396
4243767290,395
4243767290,393
4243767290,391
4243767290,390
4243767290,389
4243767290,387
4243767290,386
4243767290,385
4243767290,384
4243767290,4371
4243767290,4370
4243767290,4369
4243767290,4368
4243767290,4367
4243767290,4366
4243767290,4365
4243767290,4364
4243767290,4363
4243767290,4362
4243767290,4361
4243767290,4360
4243767290,4359
4243767290,4358
4243767290,4357
4243767290,4356
4243767290,4355
4243767290,4354
4243767290,4353
4243767290,4352
4243767290,1407
4243767290,1406
4243767290,1405
4243767290,1404
4243767290,1403
4243767290,1402
4243767290,1401
4243767290,1400
4243767290,1399
4243767290,1398
4243767290,1397
4243767290,1396
4243767290,1395
4243767290,1394
4243767290,1393
4243767290,1392
4243767290,1391
4243767290,1390
4243767290,1389
4243767290,1388
4243767290,1387
4243767290,1386
4243767290,1385
4243767290,1384
4243767290,1383
4243767290,1382
4243767290,1381
4243767290,1380
4243767290,1379
4243767290,1378
4243767290,1376
4243767290,1375
4243767290,1374
4243767290,1373
4243767290,1372
4243767290,1371
4243767290,1370
4243767290,1369
4243767290,1368
4243767290,1367
4243767290,1366
4243767290,1365
4243767290,1364
4243767290,1363
4243767290,1362
4243767290,1361
4243767290,1360
4243767290,1359
4243767290,1358
4243767290,1357
4243767290,1356
4243767290,1355
4243767290,1354
4243767290,1353
4243767290,1352
4243767290,1351
4243767290,1350
4243767290,1349
4243767290,1348
4243767290,4159
4243767290,4158
4243767290,4157
4243767290,4156
4243767290,4155
4243767290,4154
4243767290,4153
4243767290,4152
4243767290,4151
4243767290,4150
4243767290,4149
4243767290,4148
4243767290,4147
4243767290,4146
4243767290,4145
4243767290,4144
4243767290,4143
4243767290,4142
4243767290,4141
4243767290,4140
4243767290,4139
4243767290,4138
4243767290,4137
4243767290,4136
4243767290,4135
4243767290,4134
4243767290,4133
4243767290,4132
4243767290,4131
4243767290,4130
4243767290,4129
4243767290,4128
4243767290,4127
4243767290,4126
4243767290,4125
4243767290,4124
4243767290,4123
4243767290,4122
4243767290,4121
4243767290,4120
4243767290,4119
4243767290,4118
4243767290,4117
4243767290,4116
4243767290,4115
4243767290,4114
4243767290,4113
4243767290,4112
4243767290,4111
4243767290,4110
4243767290,4109
4243767290,4108
4243767290,4107
4243767290,4106
4243767290,4105
4243767290,4104
4243767290,4103
4243767290,4102
4243767290,4101
4243767290,3455
4243767290,3454
4243767290,3453
4243767290,3452
4243767290,3451
4243767290,3450
4243767290,3449
4243767290,3448
4243767290,3447
4243767290,3446
4243767290,344
4243767290,3445
4243767290,3444
4243767290,3443
4243767290,3442
4243767290,3441
4243767290,3440
4243767290,3439
4243767290,3438
4243767290,3437
4243767290,3436
4243767290,3435
4243767290,3434
4243767290,3433
4243767290,3432
4243767290,3431
4243767290,3430
4243767290,3429
4243767290,3428
4243767290,3427
4243767290,3426
4243767290,3425
4243767290,3424
4243767290,3423
4243767290,3422
4243767290,3421
4243767290,3420
4243767290,3419
4243767290,3418
4243767290,3417
4243767290,3416
4243767290,3415
4243767290,3414
4243767290,3413
4243767290,3412
4243767290,3411
4243767290,3410
4243767290,3409
4243767290,3408
4243767290,3407
4243767290,3406
4243767290,3405
4243767290,3404
4243767290,3403
4243767290,3402
4243767290,3401
4243767290,3400
4243767290,3071
4243767290,3070
4243767290,3069
4243767290,3068
4243767290,3067
4243767290,3066
4243767290,3065
4243767290,3064
4243767290,3063
4243767290,3399
4243767290,3398
4243767290,3397
4243767290,3396
4243767290,3062
4243767290,3061
4243767290,3060
4243767290,3059
4243767290,3058
4243767290,3057
4243767290,3056
4243767290,3055
4243767290,3054
4243767290,3053
4243767290,3052
4243767290,3051
4243767290,3050
4243767290,3049
4243767290,3048
4243767290,3047
4243767290,3046
4243767290,3045
4243767290,3044
4243767290,3043
4243767290,3042
4243767290,3041
4243767290,3040
4243767290,3039
4243767290,3038
4243767290,3037
4243767290,3036
4243767290,3035
4243767290,3034
4243767290,3033
4243767290,3032
4243767290,3031
4243767290,3030
4243767290,3029
4243767290,3028
4243767290,3027
4243767290,3026
4243767290,3025
4243767290,3024
4243767290,3023
4243767290,3022
4243767290,3021
4243767290,3020
4243767290,3019
4243767290,3018
4243767290,3017
4243767290,3016
4243767290,3015
4243767290,3014
4243767290,3013
4243767290,3012
4243767290,2815
4243767290,2814
4243767290,2813
4243767290,2812
4243767290,2811
4243767290,2810
4243767290,2809
4243767290,1347
4243767290,1346
4243767290,1345
4243767290,1344
4243767290,2808
4243767290,2807
4243767290,2806
4243767290,2805
4243767290,2804
4243767290,2803
4243767290,2802
4243767290,2801
4243767290,2800
4243767290,2799
4243767290,2798
4243767290,2797
4243767290,2796
4243767290,2795
4243767290,343
4243767290,2794
4243767290,2793
4243767290,2792
4243767290,2791
4243767290,2790
4243767290,2789
4243767290,2788
4243767290,2787
4243767290,2786
4243767290,2785
4243767290,2784
4243767290,2783
4243767290,2782
4243767290,2781
4243767290,2780
4243767290,2779
4243767290,2778
4243767290,2777
4243767290,2776
4243767290,2775
4243767290,2774
4243767290,2773
4243767290,2772
4243767290,2771
4243767290,2770
4243767290,1279
4243767290,2769
4243767290,1278
4243767290,2768
4243767290,2767
4243767290,1277
4243767290,2766
4243767290,1276
4243767290,1275
4243767290,1274
4243767290,2765
4243767290,1273
4243767290,1272
4243767290,1271
4243767290,1270
4243767290,1269
4243767290,1268
4243767290,1267
4243767290,1266
4243767290,1265
4243767290,1264
4243767290,1263
4243767290,1262
4243767290,1261
4243767290,1260
4243767290,1259
4243767290,1258
4243767290,1257
4243767290,1256
4243767290,1255
4243767290,1254
4243767290,1253
4243767290,1252
4243767290,1251
4243767290,1250
4243767290,1249
4243767290,1248
4243767290,1247
4243767290,1246
4243767290,1245
4243767290,1244
4243767290,1243
4243767290,1242
4243767290,1241
4243767290,1240
4243767290,1239
4243767290,1237
4243767290,1236
4243767290,1235
4243767290,1234
4243767290,1233
4243767290,1232
4243767290,1231
4243767290,1230
4243767290,1229
4243767290,1228
4243767290,1227
4243767290,1226
4243767290,1225
4243767290,1224
4243767290,1223
4243767290,1222
4243767290,1221
4243767290,1220
4243767290,1219
4243767290,1218
4243767290,1217
4243767290,1216
4243767290,3395
4243767290,3394
4243767290,3393
4243767290,1151
4243767290,1150
4243767290,1149
4243767290,1148
4243767290,1147
4243767290,1146
4243767290,1145
4243767290,1144
4243767290,1143
4243767290,1142
4243767290,1141
4243767290,1140
4243767290,1139
4243767290,1138
4243767290,1137
4243767290,1136
4243767290,1135
4243767290,1134
4243767290,1133
4243767290,1132
4243767290,1131
4243767290,1130
4243767290,1129
4243767290,1128
4243767290,1127
4243767290,1126
4243767290,1125
4243767290,1124
4243767290,1123
4243767290,1122
4243767290,1121
4243767290,1120
4243767290,1119
4243767290,1118
4243767290,1117
4243767290,1116
4243767290,1115
4243767290,1114
4243767290,1113
4243767290,1112
4243767290,1111
4243767290,1110
4243767290,1109
4243767290,1108
4243767290,1107
4243767290,1106
4243767290,1105
4243767290,1104
4243767290,1103
4243767290,1102
4243767290,1101
4243767290,1100
4243767290,1099
4243767290,1098
4243767290,3011
4243767290,1097
4243767290,3010
4243767290,1096
4243767290,1095
4243767290,3009
4243767290,1094
4243767290,1093
4243767290,1092
4243767290,1091
4243767290,1090
4243767290,340
4243767290,1023
4243767290,1022
4243767290,1021
4243767290,1020
4243767290,1019
4243767290,1018
4243767290,1017
4243767290,1016
4243767290,1015
4243767290,1014
4243767290,1013
4243767290,1012
4243767290,1011
4243767290,1010
4243767290,1009
4243767290,1008
4243767290,1007
4243767290,1006
4243767290,1005
4243767290,1004
4243767290,1003
4243767290,1002
4243767290,1001
4243767290,1000
4243767290,998
4243767290,997
4243767290,996
4243767290,995
4243767290,994
4243767290,993
4243767290,992
4243767290,991
4243767290,990
4243767290,989
4243767290,988
4243767290,987
4243767290,985
4243767290,984
4243767290,983
4243767290,982
4243767290,981
4243767290,980
4243767290,979
4243767290,978
4243767290,977
4243767290,975
4243767290,974
4243767290,973
4243767290,972
4243767290,971
4243767290,970
4243767290,969
4243767290,967
4243767290,966
4243767290,965
4243767290,964
4243767290,963
4243767290,962
4243767290,961
4243767290,960
4243767290,4292
4243767290,3788
4243767290,3787
4243767290,3786
4243767290,3785
4243767290,3775
4243767290,3784
4243767290,3774
4243767290,3783
4243767290,3773
4243767290,3782
4243767290,3781
4243767290,3772
4243767290,3780
4243767290,3779
4243767290,3771
4243767290,3770
4243767290,3769
4243767290,3778
4243767290,3768
4243767290,3767
4243767290,3766
4243767290,3777
4243767290,3765
4243767290,3764
4243767290,3763
4243767290,3762
4243767290,3761
4243767290,3760
4243767290,4291
4243767290,3759
4243767290,3758
4243767290,4290
4243767290,3757
4243767290,4289
4243767290,3756
4243767290,3755
4243767290,4288
4243767290,3754
4243767290,3753
4243767290,3752
4243767290,3751
4243767290,3750
4243767290,3749
4243767290,3748
4243767290,3747
4243767290,3746
4243767290,3745
4243767290,3744
4243767290,3743
4243767290,3742
4243767290,3741
4243767290,3740
4243767290,3739
4243767290,3738
4243767290,3737
4243767290,3736
4243767290,3735
4243767290,3734
4243767290,3733
4243767290,3732
4243767290,3731
4243767290,3730
4243767290,3729
4243767290,3728
4243767290,3727
4243767290,3726
4243767290,3725
4243767290,3724
4243767290,3723
4243767290,3722
4243767290,3721
4243767290,3720
4243767290,3719
4243767290,3718
4243767290,3717
4243767290,3716
4243767290,3647
4243767290,3646
4243767290,3645
4243767290,3644
4243767290,3643
4243767290,3642
4243767290,3641
4243767290,3640
4243767290,3639
4243767290,3638
4243767290,3637
4243767290,3636
4243767290,3635
4243767290,3634
4243767290,3633
4243767290,3632
4243767290,3631
4243767290,3630
4243767290,3629
4243767290,3628
4243767290,3627
4243767290,3626
4243767290,3625
4243767290,3624
4243767290,3623
4243767290,3622
4243767290,3621
4243767290,3620
4243767290,3619
4243767290,3618
4243767290,3617
4243767290,3616
4243767290,3615
4243767290,3614
4243767290,3613
4243767290,3612
4243767290,3611
4243767290,3610
4243767290,3609
4243767290,3608
4243767290,336
4243767290,335
4243767290,334
4243767290,333
4243767290,331
4243767290,330
4243767290,319
4243767290,318
4243767290,317
4243767290,316
4243767290,315
4243767290,314
4243767290,313
4243767290,312
4243767290,311
4243767290,310
4243767290,309
4243767290,308
4243767290,307
4243767290,306
4243767290,303
4243767290,302
4243767290,300
4243767290,299
4243767290,298
4243767290,297
4243767290,296
4243767290,295
4243767290,292
4243767290,291
4243767290,290
4243767290,288
4243767290,287
4243767290,286
4243767290,284
4243767290,283
4243767290,282
4243767290,280
4243767290,279
4243767290,278
4243767290,277
4243767290,276
4243767290,275
4243767290,274
4243767290,273
4243767290,272
4243767290,271
4243767290,270
4243767290,269
4243767290,268
4243767290,266
4243767290,265
4243767290,264
4243767290,263
4243767290,262
4243767290,261
4243767290,260
4243767290,258
4243767290,257
4243767290,255
4243767290,253
4243767290,252
4243767290,251
4243767290,249
4243767290,248
4243767290,247
4243767290,1856
4243767290,246
4243767290,244
4243767290,243
4243767290,242
4243767290,240
4243767290,239
4243767290,238
4243767290,237
4243767290,236
4243767290,234
4243767290,233
4243767290,232
4243767290,231
4243767290,230
4243767290,229
4243767290,1731
4243767290,1730
4243767290,1729
4243767290,1728
4243767290,1653
4243767290,1652
4243767290,1651
4243767290,1650
4243767290,1649
4243767290,1648
4243767290,1647
4243767290,1646
4243767290,1645
4243767290,1644
4243767290,1643
4243767290,1642
4243767290,1641
4243767290,1640
4243767290,1639
4243767290,1638
4243767290,1637
4243767290,1636
4243767290,1635
4243767290,1634
4243767290,1633
4243767290,1632
4243767290,1631
4243767290,1630
4243767290,1629
4243767290,1628
4243767290,1627
4243767290,1626
4243767290,1625
4243767290,1624
4243767290,1623
4243767290,1622
4243767290,1621
4243767290,1620
4243767290,1619
4243767290,1618
4243767290,1617
4243767290,1616
4243767290,1615
4243767290,1614
4243767290,1613
4243767290,1612
4243767290,1611
4243767290,1610
4243767290,1609
4243767290,1608
4243767290,1607
4243767290,1606
4243767290,1605
4243767290,1604
4243767290,1603
4243767290,1602
4243767290,1601
4243767290,1600
4243767290,1535
4243767290,1534
4243767290,1533
4243767290,1532
4243767290,1531
4243767290,1530
4243767290,1529
4243767290,1528
4243767290,1527
4243767290,1526
4243767290,1525
4243767290,1524
4243767290,1523
4243767290,1522
4243767290,1521
4243767290,1520
4243767290,1519
4243767290,1518
4243767290,1517
4243767290,1516
4243767290,1515
4243767290,1514
4243767290,1513
4243767290,1512
4243767290,1511
4243767290,1510
4243767290,1509
4243767290,1508
4243767290,1507
4243767290,1506
4243767290,1505
4243767290,1504
4243767290,1503
4243767290,1502
4243767290,1501
4243767290,1500
4243767290,1499
4243767290,1498
4243767290,1497
4243767290,1496
4243767290,1495
4243767290,1494
4243767290,1493
4243767290,1492
4243767290,1491
4243767290,1490
4243767290,1489
4243767290,1488
4243767290,1487
4243767290,1486
4243767290,1485
4243767290,1484
4243767290,1483
4243767290,1482
4243767290,1481
4243767290,1480
4243767290,1479
4243767290,1478
4243767290,1477
4243767290,1476
4243767290,1475
4243767290,1474
4243767290,1473
4243767290,1472
4243767290,326
4243767290,325
4243767290,324
4243767290,322
4243767290,321
4243767290,320
4243767290,39
4243767290,228
4243767290,226
4243767290,225
4243767290,224
4243767290,221
4243767290,220
4243767290,219
4243767290,216
4243767290,215
4243767290,214
4243767290,256
4243767290,213
4243767290,212
4243767290,211
4243767290,37
